0.0 0 1000 2581 405
0.1 0 1000 2573 402
0.2 0 1000 2459 375
0.30000000000000004 0 1000 1978 249
0.4 0 1000 1959 246
0.5 0 1000 1848 215
0.6 0 1000 1781 198
0.7 0 1000 1780 198
0.7999999999999999 0 1000 1818 207
0.8999999999999999 0 1000 1973 245
0.9999999999999999 0 1000 2000 252
0.0 250 750 2102 340
0.1 250 750 2176 360
0.2 250 750 2174 358
0.30000000000000004 250 750 1846 244
0.4 250 750 1775 226
0.5 250 750 1712 200
0.6 250 750 1725 198
0.7 250 750 1727 198
0.7999999999999999 250 750 1746 200
0.8999999999999999 250 750 1947 248
0.9999999999999999 250 750 1963 252
0.0 500 500 2517 505
0.1 500 500 2539 510
0.2 500 500 2512 504
0.30000000000000004 500 500 1808 265
0.4 500 500 1846 275
0.5 500 500 1659 207
0.6 500 500 1667 199
0.7 500 500 1660 197
0.7999999999999999 500 500 1725 207
0.8999999999999999 500 500 1909 249
0.9999999999999999 500 500 1905 248
0.0 750 250 3236 746
0.1 750 250 3236 746
0.2 750 250 3233 745
0.30000000000000004 750 250 2120 374
0.4 750 250 2117 373
0.5 750 250 1749 250
0.6 750 250 1602 198
0.7 750 250 1614 201
0.7999999999999999 750 250 1628 195
0.8999999999999999 750 250 1717 211
0.9999999999999999 750 250 1709 209
0.0 1000 0 3980 994
0.1 1000 0 3980 994
0.2 1000 0 3980 994
0.30000000000000004 1000 0 2492 498
0.4 1000 0 2492 498
0.5 1000 0 1994 332
0.6 1000 0 1748 250
0.7 1000 0 1748 250
0.7999999999999999 1000 0 1598 200
0.8999999999999999 1000 0 1499 167
0.9999999999999999 1000 0 1499 167